2626
2817
3025
3032
3067
3215
3421
3426
3490
3521
4347
5126
5129
5134
5139
5149
5157
5158
5159
5441
5647
6435
6469
6510
6527
6614
6710
6965
6966
6976
7024
7025
7027
7030
7031
7040
7199
7218
7219
7387
7509
7583
7585
7586
7610
7938
8230
8253
8255
8291
8425
8448
8449
8552
8563
8567
8568
8569
8570
8571
8572
8575
8576
8761
8762
8763
8764
8774
8948
9125
9289
9326
9339
9576
9616
9852
9853
9856
9878
9880
9881
9886
9887
10070
10162
10223
10257
10258
10273
10519
10776
10876
10888
10890
10912
10961
11112
11149
11173
11174
11195
11197
11198
11201
11202
11227
11235
11245
11337
11745
11760
11763
11770
11787
11795
11802
11861
11870
11877
11880
11884
11890
12151
12503
12637
12713
12814
12945
12965
12966
12967
12968
12969
13073
13224
13237
13499
13500
13693
13694
13794
14074
14079
14080
14084
14089
14462
14736
14737
14741
14745
14797
14799
15189
15190
15191
15192
15193
15194
15318
15326
15801
16161
16162
16165
16225
16226
16227
16467
16741
16985
16987
16988
17041
17045
17046
17066
17095
17128
17295
17296
17478
17481
17688
17881
18627
19174
19303
19375
19416
19913
19930
20007
20173
20219
20221
20614
20771
20772
20775
20777
20976
21868
22320
22657
23000
24212
24578
25816
26151
26232
26259
26262
26265
26294
26342
26493
26514
26551
26572
26580
26636
26661
26729
26772
26781
26792
26793
26907
26963
26967
26997
27041
27051
27068
27069
27116
27122
27160
27194
27285
27348
27374
27383
27390
27425
27485
27527
27559
27610
27684
27696
27706
27755
27766
28455
28607
28635
28726
29106
29701
29705
29708
29715
29717
29720
29728
29998
30347
30410
30510
31125
31126
31127
31139
31141
31220
31221
31519
31613
31614
31616
31641
31642
31685
31686
31736
31740
32679
33017
33511
33974
33978
34599
34939
35454
35529
35615
35701
35735
36066
36093
36172
36206
36401
36433
36965
37035
37099
37363
37651
37658
37664
37665
37674
37697
37701
37709
37712
37714
37715
37765
37774
38189
38258
38478
38483
38593
38594
38844
38866
39048
39049
39050
44214
44273
44322
44409
44458
44464
44507
44854
44974
45008
45060
45064
45083
45119
45122
45245
45271
45300
45365
45412
45435
45461
45496
45516
45667
45766
45775
45792
45793
45820
45830
45889
45904
45962
46039
46048
46298
46350
46470
46532
46579
46606
46679
46707
46803
46870
47005
47039
47150
47257
47278
47356
47387
47413
47425
47444
47449
47475
47509
47531
47564
47647
47743
47817
48114
48133
48146
48219
48243
48321
48368
48772
48784
48803
48828
48901
48956
49099
49502
49532
49618
49675
49684
49695
49975
50095
50116
50215
50267
50380
50561
50568
50569
50650
50869
50909
50945
51124
51175
51203
51253
51421
51433
51436
51505
51531
51831
51900
52029
52096
52145
52166
52178
52324
52376
52384
52573
52587
52727
52740
52805
52811
52865
52869
52943
52994
53002
53125
53268
53277
53365
53422
53650
53726
53741
53834
53991
54035
54040
54065
54217
54264
54271
54272
54307
54331
54486
54515
54574
54653
54661
54754
54761
54806
54965
55037
55179
55253
55428
55453
55490
55606
55761
55818
55946
56081
56121
56414
56436
56460
56525
56529
56587
56715
56859
56903
57067
57069
57201
57202
57272
57344
57375
57393
57410
57468
57493
57534
57545
57703
57715
57765
57884
58219
58224
58226
58317
58492
58503
58504
58614
58834
59069
59083
59097
59214
59370
59392
59580
59986
60023
60086
60127
60321
60442
60748
60788
60820
60838
60951
61354
61369
61413
61475
61546
61572
61701
61712
61994
62133
62161
62266
62280
62312
62332
62406
62418
62577
62784
62821
62952
62968
62993
63067
63070
63183
63198
63286
63368
63577
63616
63664
63676
63741
64091
64265
64285
64293
64302
64308
64320
64331
64339
64363
64375
64379
64380
64391
64400
64403
64405
64454
64485
64621
64628
64649
64683
64739
64752
64754
64757
64799
64833
64839
64877
64878
64899
64916
65004
65052
65066
65188
65231
65251
65286
65325
65335
65346
65363
65366
65367
65379
65390
65397
65499
65654
65656
65657
65658
65665
65683
65693
65743
65754
65891
65940
65953
66038
66062
66066
66104
66120
66133
66138
66195
66233
66322
66348
66368
66461
66477
66524
66532
66559
66621
66693
66694
66695
66804
66828
66846
66851
66879
66892
66912
66913
66922
66939
66945
67069
67193
67207
67249
67317
67333
67399
67406
67485
67532
67572
67599
67616
67793
67804
67866
67930
67976
67984
67993
68044
68052
68179
68224
68240
68281
68359
68385
68422
68434
68482
68528
68563
68605
68661
68728
68734
68790
68804
68843
68861
68920
69126
69135
69212
69327
69415
69482
69491
69497
69508
69519
69570
69579
69627
69643
69647
69730
69766
69853
69864
69879
69906
70032
70078
70128
70214
70223
70335
70456
70489
70517
70551
70574
70629
70895
70926
70954
71005
71029
71031
71034
71075
71090
71093
71120
71130
71156
71193
71236
71247
71250
71285
71304
71322
71345
71370
71372
71396
71402
71404
71408
71413
71437
71438
71447
71451
71479
71502
71538
71561
71586
71588
71608
71613
71620
71646
71690
71705
71715
71752
71818
71886
71908
71922
71928
72047
72050
72061
72068
72075
72077
72105
72166
72174
72184
72201
72204
72219
72224
72229
72271
72283
72289
72303
72363
72422
72465
72467
72482
72489
72536
72547
72558
72560
72561
72586
72599
72617
72626
72667
72685
72689
72690
72693
72727
72734
72880
72901
72915
72935
72943
72946
72954
73001
73007
73010
73023
73028
73037
73058
73064
73065
73076
73145
73151
73164
73169
73188
73205
73239
73297
73305
73322
73325
73342
73382
73392
73393
73407
73417
73418
73484
73490
73497
73556
73564
73574
73581
73592
73609
73616
73620
73728
73784
73895
73928
73947
73998
74003
74075
74346
74509
74618
74670
74728
74813
74818
74895
74964
74979
75003
75072
75076
75078
75088
75119
75120
75124
75293
75295
75331
75387
75394
75473
75478
75495
75551
75556
75570
75580
75618
75633
75637
75642
75659
75664
75676
75684
75723
75762
75768
75773
75835
75855
75912
75913
75942
75961
75976
75977
75981
75984
75996
76015
76024
76049
76055
76081
76193
76194
76209
76241
76329
76376
76382
76398
76460
76506
76510
76528
76538
76548
76572
76573
76707
76735
76740
76765
76772
76814
76860
76923
76945
76967
76973
76992
77021
77109
77212
77352
77423
77491
77508
77534
77540
77544
77585
77603
77632
77707
77721
77734
77735
77736
77738
77739
77740
77742
77743
77776
77781
77785
77794
77795
77799
77812
77813
77856
77880
78026
78102
78164
78197
78220
78221
78245
78302
78336
78350
78353
78374
78415
78417
78420
78422
78423
78425
78427
78433
78439
78441
78442
78447
78451
78452
78453
78456
78459
78480
78491
78500
78501
78506
78520
78522
78525
78530
78532
78533
78540
78542
78546
78548
78559
78571
78609
78611
78621
78625
78661
78666
78676
78688
78699
78703
78704
78709
78714
78715
78725
78748
78751
78755
78764
78767
78784
78790
78798
78809
78812
78821
78825
78838
78842
78851
78860
78863
78868
78884
78887
78888
78897
78904
78909
78919
78929
78936
78941
78946
78955
78959
78966
78971
78972
78994
79000
79004
79012
79020
79025
79026
79032
79033
79039
79058
79059
79062
79064
79077
79086
79090
79091
79115
79124
79125
79135
79136
79141
79149
79151
79154
79163
79177
79182
79192
79193
79195
79196
79201
79215
79216
79217
79220
79225
79228
79237
79241
79246
79249
79253
79258
79260
79261
79263
79301
79303
79334
79336
79339
79342
79345
79348
79354
79355
79368
79370
79385
79386
79399
79406
79408
79411
79425
79426
79435
79437
79448
79450
79454
79463
79524
79545
79551
79556
79559
79560
79565
79571
79572
79597
79598
79600
79626
79633
79640
79653
79661
79696
79707
79710
79714
79718
79726
79745
79751
79759
79770
79777
79788
79791
79793
79801
79803
79806
79813
79817
79822
79826
79835
79842
79849
79851
79860
79861
79864
79866
79882
79889
79900
79911
79923
79926
79949
79990
79992
79993
79996
79998
80005
80015
80031
80034
80041
80045
80046
80058
80060
80067
80069
80070
80086
80095
80099
80110
80123
80124
80129
80155
80158
80159
80165
80167
80168
80173
80179
80180
80185
80188
80201
80203
80230
80234
80245
80247
80248
80274
80276
80278
80281
80286
80296
80304
80312
80345
80351
80369
80376
80382
80399
80417
80419
80422
80431
80433
80438
80442
80447
80448
80457
80478
80489
80494
80496
80503
80512
80515
80541
80552
80553
80561
80578
80580
80612
80613
80614
80617
80623
80635
80637
80638
80639
80640
80644
80645
80650
80660
80674
80675
80702
80705
80709
80711
80718
80737
80746
80752
80754
80760
80766
80780
80798
80806
80816
80893
81180
81261
81316
81333
81358
81365
81495
81544
81570
81579
81588
81694
81763
81839
81889
81983
82008
82109
82110
82145
82162
82303
82333
82564
82586
82598
82616
82911
82914
82933
82949
82981
83115
83174
83178
83234
83307
83351
83486
83521
83644
83897
83977
84274
84349
84369
84403
84445
84464
84504
84579
84600
84623
84627
84644
84795
84811
84949
84980
85048
85093
85097
85185
85186
85188
85255
85309
85343
85351
85409
85414
85508
85524
85625
85948
86115
86165
86321
86416
86431
86491
86851
86865
86866
86879
86910
86920
87002
87003
87016
87039
87066
87102
87108
87111
87180
87204
87267
87346
87371
87434
87493
87567
88007
88527
88702
88748
88800
89017
89045
89297
89389
89638
89646
89768
89769
89901
90003
90064
90260
90467
90652
90774
90968
90990
91034
91153
91369
91434
91445
91469
91483
91597
91723
91753
91835
91877
91916
92029
92045
92070
92095
92116
92130
92135
92146
92249
92272
92413
92417
92711
92739
92794
93032
93095
93130
93150
93158
93195
93307
93566
93574
93596
93599
93858
93940
94174
94303
94328
94379
94393
94415
94428
94474
94477
94517
94614
94677
94730
94829
94868
94946
95072
95079
95122
95151
95152
95191
95238
95241
95245
95289
95362
95366
95396
95411
95433
95456
95468
95569
95578
95596
95627
95634
95637
95765
95839
96080
96276
96376
96405
96478
96769
96953
97014
97217
97237
97274
97341
97459
97503
97583
97747
97821
97958
98019
98207
98247
98249
98250
98257
98258
98271
98272
98273
98312
98339
98341
98342
98343
98344
98347
98349
98352
98356
98359
98498
98557
98787
98837
98892
98990
99074
99102
99223
99343
99380
99563
99723
99774
99813
99890
100109
100252
100376
100444
100491
100494
100715
100782
100849
100959
100963
101026
101128
101215
101250
101395
101413
101512
101534
101545
101660
101715
101747
101771
101996
102098
102174
102280
102383
102630
102943
103137
103348
103824
104119
104252
104401
104730
105053
105125
105131
105143
105145
105232
105252
105317
105370
105436
105488
105799
105820
105888
106148
106306
106486
106494
106504
106519
106575
106579
106598
106634
106657
106680
106811
106908
106964
107024
107058
107181
107199
107495
107781
108013
108172
108334
108457
108591
108655
108705
108709
108710
108712
108721
108781
108787
108820
108831
108844
108902
108921
108925
108934
108936
108995
109125
109168
109171
109283
109286
109343
109366
109392
109457
109475
109488
109496
109497
109501
109542
109565
109766
109872
110217
111094
111140
111193
111198
111199
111427
111444
111464
111466
111532
111586
111604
111611
111698
111781
111786
111994
112006
112028
112043
112109
112213
112264
112426
112526
112527
112600
112641
112685
112703
112780
112796
112816
112827
112836
112939
112942
113005
113049
113155
113269
113337
113338
113443
113502
113547
113672
113819
113864
113869
113870
113909
114013
114031
114035
114165
114171
114300
114306
114335
114403
114441
114735
115136
115426
115606
116102
116287
116389
116440
116709
117038
117066
117074
117317
117403
117637
117975
118128
118368
118730
119439
119538
119716
119741
119791
119940
119958
119991
120101
120139
120198
120237
120239
120296
120299
120383
120445
120627
120685
120698
120711
120778
120872
120934
121000
121028
121146
121208
121272
121378
121406
121555
121600
121784
121799
121811
122033
122075
122148
122384
122399
122486
122546
122785
122978
123083
123645
123766
123772
123776
123794
123817
123845
123900
123904
123931
123938
123957
123983
124001
124022
124041
124087
124149
124168
124217
124240
124249
124258
124279
124299
124353
124363
124388
124395
124429
124439
124483
124491
124506
124547
124550
124565
124574
124589
124598
124608
124635
124673
124681
124690
124695
124700
124705
124710
124731
124746
124747
124749
124762
124776
124800
124801
124815
124830
124897
124902
124904
124928
124968
124982
124988
125017
125019
125030
125061
125093
125118
125121
125141
125157
125163
125192
125235
125237
125280
125295
125315
125318
125333
125336
125344
125359
125371
125379
125394
125401
125402
125420
125447
125450
125459
125471
125486
125504
125510
125515
125538
125574
125589
125629
125646
125659
125674
125688
125694
125700
125701
125718
125724
125745
125750
125755
125759
125768
125790
125791
125815
125852
125931
125945
125977
126006
126031
126071
126142
126323
126555
126839
127146
127260
127382
127431
127578
127940
127976
127985
128133
128254
128520
128611
128856
128889
129021
129301
129347
129465
129862
129919
130190
130206
130224
130269
130719
130763
130769
130786
130873
130949
130972
131151
131164
131289
131424
131578
131623
131755
131820
132021
132051
132053
132118
132160
132292
132324
132515
132749
132817
132841
132922
132977
133152
133281
133581
133656
133691
133748
133811
134187
134269
134566
134685
134702
134799
135031
135089
135157
135281
135284
135288
135402
135705
135806
135823
135888
136036
136045
136049
136062
136090
136092
136288
136561
137100
137139
137190
137302
137321
137374
137608
137733
137798
137799
137830
137964
138099
138134
138216
138244
138285
138403
138584
138593
138668
138717
138731
138831
138873
138982
138992
138999
139041
139114
139148
139176
139244
139290
139452
139482
139493
139499
139502
139603
139624
139633
139686
139746
139840
139867
139876
139892
139940
139952
139984
140037
140089
140100
140192
140269
140447
140523
140585
140704
140761
140782
140851
140928
140992
140995
141050
141059
141207
141308
141336
141464
141499
141622
141762
141830
141875
141923
141953
142048
142129
142147
142196
142245
142507
142554
142599
142635
142669
142759
142766
142786
142798
142880
142908
142959
142993
143142
143319
143371
143418
143489
143543
143550
143727
143818
143924
143989
144087
144104
144135
144204
144223
144228
144233
144248
144324
144385
144435
144444
144459
144463
144522
144552
144565
144654
144661
144730
144789
144851
144881
144935
144951
144986
145009
145032
145079
145111
145214
145696
145717
146160
146377
146397
146886
147361
147486
147525
147548
147631
147769
148204
148836
148916
149270
149484
150044
150326
150377
150436
150693
150859
151378
152537
152663
154430
154550
154661
154883
155153
155286
156094
156234
156392
156425
157822
158882
159070
160140
160833
161156
161345
161971
162525
162984
163144
163336
163480
163911
164333
164516
165568
165603
166329
167112
167145
167374
167584
168474
169353
169679
170609
170924
171783
172064
173998
174091
174311
174344
177283
177339
179348
180885
183296
184284
186485
186588
187109
187297
187321
187520
187611
188002
188043
188863
189000
189066
190043
190674
192521
193091
195063
200987
201448
201577
201926
203368
203428
204753
206353
206879
207003
207151
207218
207495
207686
207756
208101
208364
208444
208477
208617
209107
209361
209380
210397
210596
211626
212118
213881
214468
214637
215629
215753
215820
215961
216363
216376
216612
217240
217407
217672
217766
218276
218454
218546
219193
219575
219994
220318
220785
221274
222127
222805
223204
223220
223676
224155
224444
225632
227168
234512
251206
267737
267750
267828
267887
267893
268059
268062
268077
268093
268110
268133
268235
268331
268339
268355
268427
268453
268462
268469
268568
268701
268715
268800
268854
268990
269070
269149
269261
269344
269369
269439
269476
269510
269512
269584
269722
269810
269825
269843
269929
270078
270089
270092
270099
270491
270696
270710
270772
270809
270917
270936
271022
271056
271612
271669
271672
271678
271684
271781
271979
271981
272000
272025
272104
272323
272561
272685
272732
272788
272985
273106
273225
273236
273311
273496
273508
273512
273572
273598
273709
273740
273844
273871
273920
273981
274001
274200
274202
274225
274234
274255
274378
274395
274429
274460
274569
274688
274712
274719
274730
274795
274844
274847
274880
274907
274929
274932
274962
275021
275215
275236
275245
275267
275291
275311
275399
275429
275538
275580
275663
275707
275733
275754
275942
275954
275984
276000
276099
276180
276192
276311
276321
276366
276367
276382
276414
276440
276443
276534
276726
277032
277219
277223
277265
277317
277323
277409
277561
277603
277604
277759
277805
277948
277991
278011
278063
278175
278225
278289
278293
278312
278401
278424
278462
278468
278766
278807
278836
278868
278933
278975
279241
279290
279423
279573
279674
279702
279835
279841
279919
279920
279955
279995
280022
280098
280212
280223
280296
280371
280404
280569
280625
280842
280939
280961
280989
281068
281107
281152
281160
281163
281319
281326
281355
281485
281651
281762
281792
281873
281951
282160
282218
282391
282459
282461
282505
282529
282558
282573
282729
282742
282792
282808
282865
282974
283107
283117
283127
283248
283300
283338
283374
283382
283393
283400
283403
283515
283524
283569
283589
283592
283632
283700
283747
283753
283764
283793
283834
283970
283982
283983
284034
284049
284140
284175
284181
284234
284259
284405
284411
284444
284462
284463
284467
284515
284592
284706
284716
284774
284850
284876
284880
284883
284918
284924
284977
285020
285034
285132
285161
285264
285324
285343
285534
285535
285537
285590
285599
285611
285615
285617
285643
285647
285651
285661
285667
285674
285711
285717
285729
285810
285826
285827
285880
285907
285962
286019
286136
286159
286308
286320
286354
286360
286430
286436
286448
286518
286571
286580
286620
286637
286672
286729
286841
286851
286872
286903
286925
286976
286997
287023
287084
287099
287113
287157
287174
287233
287326
287343
287364
287370
287379
287408
287424
287679
287697
287775
287790
287928
287962
287973
287995
288102
288115
288215
288237
288244
288285
288288
288320
288566
288632
288718
288753
288891
288929
289097
289135
289141
289163
289173
289241
289271
289407
289438
289578
289597
289607
289621
289680
289697
289793
289794
289812
289866
289873
289979
290062
290200
290285
290296
290385
290401
290429
290469
290521
290531
290562
290575
290610
290613
290634
290677
290690
290734
290783
290935
290949
291002
291003
291046
291093
291117
291223
291238
291263
291440
291534
291557
291567
291608
291630
291676
291986
292069
292106
292143
292197
292320
292354
292505
292510
292527
292553
292674
292763
292782
292791
292820
292826
292857
292905
292986
293043
293056
293069
293087
293112
293128
293146
293247
293263
293353
293369
293432
293508
293565
293601
293610
293707
293764
293814
293822
293915
293987
293990
294148
294171
294175
294189
294200
294230
294283
294285
294334
294352
294390
294459
294515
294528
294550
294572
294573
294598
294623
294720
294753
294755
294756
294799
294836
294852
294884
294893
294915
294931
294971
295024
295035
295050
295053
295063
295145
295235
295256
295322
295383
295402
295425
295467
295481
295542
295545
295548
295592
295606
295609
295645
295655
295699
295781
295797
295803
295808
295809
295813
295833
295877
295934
295937
295979
296008
296035
296038
296085
296089
296109
296130
296140
296248
296251
296268
296290
296297
296435
296700
296806
296812
296866
296906
296958
296959
297044
297155
297513
297831
297894
297966
297998
298098
298186
298371
298532
298692
298703
298811
298953
298991
299010
299019
299683
300520
300607
300614
300615
300704
300800
301234
301241
301367
301411
301468
301624
301640
301744
301809
301836
301915
302016
302037
302100
302218
302360
302371
302389
302423
302437
302445
302458
302469
302476
302513
302766
302794
303006
303224
303230
303290
303356
303372
303596
303767
303831
303943
304022
304051
304297
304314
304438
304463
304592
304663
304684
304757
304861
305394
305797
305901
305934
305954
305968
306337
306442
306490
306611
306754
306852
307034
307123
307155
307263
307442
307513
308021
308078
308092
308165
308190
308218
308299
308314
308320
308376
308489
308565
308630
308708
308711
308738
308827
308837
308871
308873
308933
308972
309105
309237
309267
309315
309360
309366
309400
309425
309433
309438
309532
309548
309551
309579
309661
309746
309790
309860
309879
309906
310022
310044
310104
310124
310152
310159
310369
310397
310426
310451
310471
310476
310520
310599
310604
310675
310729
310772
311135
311163
311170
311182
311224
311258
311302
311304
311307
311373
311376
311410
311426
311428
311445
311494
311502
311539
311677
311747
311881
311910
312032
312087
312111
312185
312251
312280
312411
312418
312462
312561
312565
312570
312607
312642
312676
312680
312700
312746
312887
312895
312996
313002
313125
313182
313260
313293
313301
313321
313386
313453
313469
313580
313584
313618
313655
313776
313797
313847
313888
314091
314116
314174
314258
314275
314285
314303
314345
314433
314460
314695
314807
314862
314888
314891
314909
314942
315016
315020
315034
315036
315167
315187
315248
315382
315442
315462
315496
315651
315654
315661
315669
315756
315758
316012
316060
316068
316083
316106
316437
316509
316523
316608
316688
316699
316717
316721
316739
316747
316868
316970
317038
317142
317161
317175
317217
317243
317319
317398
317514
317643
317796
317864
318004
318049
318086
318188
318212
318239
318341
318351
318360
318407
318508
318511
318570
318602
318639
318800
318919
318922
318959
319124
319224
319341
319473
319492
319563
319612
319702
319769
319834
319965
320068
320106
320180
320187
320256
320327
320493
320614
320631
320818
320847
320855
320915
320942
320993
321014
321047
321061
321112
321172
321184
321191
321242
321288
321324
321371
321419
321440
321463
321517
321603
321662
321676
321683
321711
321712
321717
321726
321769
321773
321778
321809
321817
321835
321848
321868
321890
321913
321938
321988
321994
322038
322047
322053
322075
322084
322090
322092
322109
322137
322168
322215
322250
322263
322308
322323
322325
322355
322373
322400
322416
322497
322540
322570
322572
322607
322643
322654
322676
322684
322685
322718
322719
322729
322742
322777
322812
322826
322850
322894
322913
323027
323051
323062
323136
323154
323192
323223
323243
323264
323308
323326
323423
323433
323534
323589
323649
323740
323793
323802
323849
323894
323933
323955
324053
324135
324137
324142
324180
324235
324239
324348
324388
324432
324585
324586
324720
324776
324840
324889
324948
324951
325000
325040
325059
325099
325103
325179
325201
325222
325238
325257
325294
325342
325426
325494
325542
325608
325793
325797
325865
325910
325969
326079
326087
326094
326183
326193
326214
326239
326249
326251
326258
326342
326364
326367
326408
326444
326461
326462
326525
326537
326591
326664
326775
326776
326836
326897
326969
327047
327050
327085
327092
327101
327122
327155
327226
327232
327304
327440
327468
327547
327577
327584
327633
327639
327687
327704
327760
327777
327780
327797
327851
327893
327897
327904
327926
327983
328006
328117
328163
328168
328175
328242
328362
328364
328416
328606
328664
328718
328727
328878
329061
329309
329522
329600
329810
329976
330016
330050
330153
330274
330291
330361
330379
330439
330488
330586
330639
330876
330877
331030
331038
331040
331153
331238
331272
331300
331307
331458
331477
331584
331607
331612
331835
331858
331859
332156
332300
332491
332537
332538
332569
332570
332573
332804
333168
333169
333170
333171
333172
333173
333174
333175
333222
333229
333232
333503
333856
334474
334503
334543
334569
334572
334758
334759
334764
334824
334985
335036
335040
335070
335081
335215
335220
335478
335479
335486
335488
335492
335527
335537
335538
335541
335542
335543
335544
335545
335546
335548
335572
335613
335618
335636
335653
335658
335659
335664
335686
335725
335754
335757
335770
335802
336072
336207
336240
336251
336265
336268
336270
336297
336350
336369
336380
336416
336438
336439
336455
336473
336475
336493
336673
336703
336814
336909
337030
337031
337299
337414
337417
337421
337475
338386
338426
338492
339410
339600
339604
339714
339719
339924
339925
339926
339927
339928
339996
339998
339999
340004
340011
340020
340029
340054
340055
340074
340082
340085
340091
340101
340118
340122
340124
340125
340132
340137
340143
340148
340162
340257
340264
340295
340339
340550
340727
340731
340749
340785
340809
340831
340946
340953
340967
341034
341051
341085
341233
341318
341413
341499
341505
341545
341577
341578
341669
341705
341730
341793
342019
342020
342046
342086
342108
342114
342137
342282
342554
342603
342669
342677
342696
342711
342712
342766
342781
342809
342886
342894
342911
342972
343045
343071
343075
343127
343202
343222
343244
343325
343671
343787
344044
344212
344229
344259
344294
344387
344421
344478
344482
344491
344493
344616
344640
344766
344987
345219
345438
345471
345484
345739
345765
345817
345960
346252
346288
346417
346456
346475
346574
346619
346878
346898
346932
347000
347189
347271
347443
347591
347635
347638
347896
348020
348102
348234
348262
348549
348584
348749
348822
349003
349095
349137
349295
349297
349340
349417
349508
349678
349689
349792
349879
349928
350024
350182
350323
350398
350434
350507
350539
350683
350769
350852
350907
351019
351279
351284
351338
351344
351414
351611
351662
351803
351827
351884
351949
351978
352010
352014
352116
352192
352457
352527
352579
356155
356255
356308
356548
356611
356735
356961
357037
357146
357156
357211
357286
357294
357347
357404
357419
357733
357843
357920
358027
358165
358183
358313
358496
358580
358619
358670
358755
359033
359261
359312
359402
359443
359590
359613
359621
359696
359914
359958
360111
360138
360318
360334
360383
360415
360725
360839
360860
360984
361052
361085
361158
361197
361252
361262
361411
361455
361707
361746
361753
361848
361929
361934
362025
362094
362267
362280
362287
362348
362446
362449
362497
362498
362581
362607
362628
362639
362716
362745
362755
362766
362795
362835
362955
363069
363147
363167
363373
363403
363545
363579
363635
363687
363692
363696
363776
363832
363842
364459
364551
364557
364560
364688
364838
364958
365041
365054
365125
365225
365405
365456
365493
365668
365683
365787
365937
365988
366059
366084
366097
366104
366144
366457
366551
366652
366784
366884
366912
367008
367068
367097
367210
367598
367684
368003
368018
368139
368454
368761
368948
369033
369242
369255
369292
369697
369703
369824
369828
369897
369973
370029
370058
370060
370094
370104
370117
370200
370237
370308
370466
370500
370510
370545
370667
370709
370902
370936
370990
371027
371297
371320
371349
371493
371568
371751
371829
371855
371901
371982
371983
371995
372128
372185
372199
372213
372244
372392
372576
372720
372855
372881
373347
373376
373424
373494
373547
373569
374109
374149
374161
374271
374462
374464
374466
374474
374565
374590
374645
374759
374785
374793
374904
374957
375081
375132
375356
375381
375530
375551
375590
375684
375755
375815
375821
375877
375969
375996
376134
376138
376189
376257
376307
376437
376448
376583
376600
376628
376659
376674
376680
376834
376968
377075
377095
377115
377190
377372
377463
377488
377551
377579
377760
377789
377938
377963
377964
378097
378188
378224
378227
378326
378357
378372
378464
378465
378493
378552
378569
378571
378615
378630
378631
378851
378860
378951
378985
378986
379003
379017
379122
379145
379180
379262
379358
379590
379608
379640
379918
379952
380135
380210
380302
380362
380375
380378
380580
380615
380643
380820
380935
380963
381050
381054
432090
502443
